5 10 4
-4.566 3.551 3.661 3.813 3.644 3.147 
-4.249 3.502 4.182 3.573 3.286 3.775 
-3.858 4.103 3.774 3.549 4.035 3.494 
-3.987 4.066 3.499 4.104 3.793 3.296 
-4.18 3.952 3.293 3.967 3.242 3.993 
-4.46 3.618 3.385 3.514 3.534 3.929 
-4.664 3.498 3.994 3.277 3.555 3.326 
-4.3 3.195 4.048 3.54 3.991 3.46 
-3.954 3.939 3.926 3.761 3.876 3.3 
-4.516 3.739 3.782 3.542 3.732 3.1 
1500.618 1500.195 1500.126 1500.516 1500.455 1499.941 1500.283 1500.057 1500.652 1500.139 0.224 
1500.454 1500.71 1500.662 1499.938 1499.883 1499.805 1500.523 1500.741 1500.669 1500.315 0.361 
1499.85 1500.298 1500.683 1500.734 1499.926 1499.665 1500.751 1500.513 1500.787 1499.945 0.371 
1500.684 1499.824 1500.059 1500.355 1499.782 1499.778 1499.87 1500.614 1500.353 1500.153 0.52 
